0000000000000000000000000000000000000
0000000000000000000000000000000000000
0000111111100100011011111011111110000
0000100000101101101110100010000010000
0000101110100111001000101010111010000
0000101110101101000001101010111010000
0000101110100010110010011010111010000
0000100000101010011100101010000010000
0000111111101010101010101011111110000
0000110000011000000000000000000000000
0000111110111110101111011101010100000
0000110101001100000010001111110010000
0000111001110101100101101001111000000
0000111010011111001100011100110000000
0000110010010100011000100100110000000
0000110010001110111001011110100110000
0000111111001001111100001011100000000
0000110011011110110010000111110010000
0000111111101100101111001000011100000
0000111011001010000010010011110010000
0000101011100001100111000001000000000
0000100100000011001010011101010010000
0000100010100011000011111111101100000
0000101011111000100011011000000000000
0000111111101100011100111010101000000
0000100000100000110110111000110000000
0000101110101100101101001111111000000
0000101110101010000010011001101110000
0000101110101101100100001001111100000
0000100000101001001110001011100100000
0000111111101111000001010010111000000
0000000000000000000000000000000000000
0000000000000000000000000000000000000
