11111110010001101111101111111
10000010110110111010001000001
10111010011100100010101011101
10111010110100000110101011101
10111010001011001001101011101
10000010101001110010101000001
11111110101010101010101111111
00000000000011000001100000000
11111011111010111101110101010
11010100110000001000111111001
11100111010110010110100111100
11101001111100110001110011000
00110010010100011000100100110
11001000111011100101111010011
00111111001001111100001011100
11001101111011001000011111001
11111110110010111100100001110
11101100101000001001001111001
10101110000110011100000100000
10010000001100101001110101001
10001010001100001111111110110
00000000101011111000100011011
11111110110001110011101010100
10000010000011011011100011000
10111010110010110100111111100
10111010101000001001100110111
10111010110110010000100111110
10000010100100111000101110010
11111110111100000101001011100